column
14-00739
14-00259
15-00539
13-00123
16-00073
13-00163
16-00699
14-00228
13-00515
14-00613
12-00023
15-00043
13-00425
13-00226
14-00359
13-00557
16-00494
15-00829
16-00094
16-01097
16-00118
13-00204
16-01100
13-00195
13-00650
16-00048
16-00708
15-00470
14-00546
16-00702
13-00146
13-00186
13-00468
15-00702
13-00232
13-00260
15-00688
