column
13-00354
16-00627
12-00294
14-00021
16-01262
13-00166
15-00338
16-01049
13-00098
15-00653
16-00815
12-00211
12-00023
13-00425
14-00034
12-00258
15-00175
13-00034
14-00798
16-00118
14-00015
13-00204
16-01100
13-00150
16-00510
15-00767
16-00339
16-01004
16-00077
13-00195
16-00410
13-00650
13-00331
13-00544
12-00372
15-00692
13-00450
16-01192
16-00315
13-00658
13-00118
