column
15-00556
15-00123
16-01262
15-00417
15-00653
15-00075
16-00102
16-00867
15-00237
15-00171
16-01109
16-01061
16-00292
15-00084
15-00302
16-01004
16-01010
14-00901
14-00831
16-00708
16-00459
16-01185
16-00540
16-01151
15-00939
15-00057
16-00031
16-00289
15-00464
