column
15-00614
16-01093
16-00332
13-00406
16-01262
12-00150
13-00007
13-00123
13-00601
13-00163
16-00733
13-00558
13-00454
13-00245
13-00515
13-00487
12-00023
15-00976
13-00226
14-00712
14-00023
12-00258
13-00557
14-00289
16-00118
13-00160
14-00015
16-00339
14-00083
16-00710
13-00353
16-00410
15-00633
14-00643
12-00066
15-00692
13-00468
16-01192
16-01254
