column
16-00113
16-00702
16-00882
16-00269
16-00001
16-00771
16-00120
16-00481
16-01102
16-00708
15-00936
16-01017
15-00961
16-00217
