column
16-00139
16-01219
16-01216
12-00294
16-01225
16-00724
13-00007
13-00123
13-00601
13-00545
15-00051
14-00578
14-00559
13-00454
16-00271
16-00102
16-00867
16-00003
15-00872
15-00276
14-00015
13-00204
13-00149
16-00292
13-00546
16-00010
16-00157
15-00275
15-00578
13-00655
15-00975
15-00593
16-00120
13-00513
15-00883
16-01185
15-00936
12-00066
13-00157
15-00870
16-00031
14-00045
